[{"id": 0, "img_name": "r_0.png", "width": 800, "height": 800, "position": [-2.4112036971884376, -0.6546669444622598, -0.20308355254743649], "rotation": [[-0.2866533431247197, -0.6645981513184935, 0.690028374879948], [0.9207331585794778, 0.007910871007168573, 0.39011263605805646], [-0.2647268621951299, 0.7471590964339179, 0.6096498774283255]], "fy": 1109.1141779694685, "fx": 1108.7204460357727}, {"id": 1, "img_name": "r_16.png", "width": 800, "height": 800, "position": [-2.118829141633766, 2.005784626356359, -0.8190835205996465], "rotation": [[0.5822852463020882, -0.5234087746567315, 0.6220829097083886], [0.7721213350643553, 0.5955797378687685, -0.22161547729932246], [-0.25450449087855753, 0.6093669095483506, 0.7509323762298029]], "fy": 1109.1141779694685, "fx": 1108.7204460357727}, {"id": 2, "img_name": "r_23.png", "width": 800, "height": 800, "position": [-3.6668511958653816, 0.7129320297212438, 1.6055760299882804], "rotation": [[-0.01702345156347781, -0.20741971049586805, 0.9781039135974641], [0.9577451527647758, 0.27752591411572286, 0.07552211166147303], [-0.2871139572581614, 0.9380599291580695, 0.1939307733587321]], "fy": 1109.1141779694685, "fx": 1108.7204460357727}, {"id": 3, "img_name": "r_30.png", "width": 800, "height": 800, "position": [-2.8242432335205976, -0.1503500518376188, 0.027028536745943885], "rotation": [[-0.13310554755506954, -0.6057940221950522, 0.7844083859080074], [0.9506470200618197, 0.14577651941500339, 0.2738967864631297], [-0.2802733602354087, 0.782152676310698, 0.5564926185335842]], "fy": 1109.1141779694685, "fx": 1108.7204460357727}, {"id": 4, "img_name": "r_38.png", "width": 800, "height": 800, "position": [-0.919543158826843, 1.892285453766476, -1.5451711369846348], "rotation": [[0.8194273440761423, -0.4567093108767774, 0.3463458288167745], [0.5391760599423031, 0.8192138726108658, -0.19539142076099972], [-0.19449422656061924, 0.34685045232832995, 0.9175329746413583]], "fy": 1109.1141779694685, "fx": 1108.7204460357727}, {"id": 5, "img_name": "r_45.png", "width": 800, "height": 800, "position": [-1.5360548130627976, 2.5784920697976697, -1.0248127608843252], "rotation": [[0.7747022381777986, -0.40197836051821, 0.48810843041008967], [0.596496186017598, 0.7207369805083018, -0.3531720614576336], [-0.20983027004883872, 0.5647580035757506, 0.7981351108480093]], "fy": 1109.1141779694685, "fx": 1108.7204460357727}, {"id": 6, "img_name": "r_52.png", "width": 800, "height": 800, "position": [-0.021911173622021236, 1.5608007886193902, -1.8291967791745132], "rotation": [[0.9653244410416578, -0.2202695050271811, 0.14010734699754895], [0.23728817392352397, 0.9641007815047344, -0.11918055889279852], [-0.10882576001871243, 0.14829372291854104, 0.9829373966328213]], "fy": 1109.1141779694685, "fx": 1108.7204460357727}, {"id": 7, "img_name": "r_6.png", "width": 800, "height": 800, "position": [2.984940891157284, -2.585567846837922, 2.245535257796565], "rotation": [[-0.8131421429759429, 0.18784715991584555, -0.5509204115187978], [-0.5484764264108591, 0.06959517025215176, 0.833264737012882], [0.19486781414092996, 0.9797295324675703, 0.046438973102462276]], "fy": 1109.1141779694685, "fx": 1108.7204460357727}, {"id": 8, "img_name": "r_67.png", "width": 800, "height": 800, "position": [0.7936196108571145, 4.082104585800099, -0.6579348901871692], "rotation": [[0.996409092335417, 0.07025634519598914, -0.047254276748380654], [-0.08323684338299643, 0.7105701042919191, -0.6986857339249213], [-0.015509629748806254, 0.7001101148007172, 0.7138664290599339]], "fy": 1109.1141779694685, "fx": 1108.7204460357727}, {"id": 9, "img_name": "r_74.png", "width": 800, "height": 800, "position": [-3.6204411873471227, 0.09159663876621357, 1.8627030132423656], "rotation": [[-0.17451858514295182, -0.18760719165098852, 0.9666161622280747], [0.9449298262370408, 0.24411335480560992, 0.21798232380903357], [-0.2768589657701882, 0.9514264089494152, 0.13467331371241334]], "fy": 1109.1141779694685, "fx": 1108.7204460357727}, {"id": 10, "img_name": "r_81.png", "width": 800, "height": 800, "position": [-3.318563379489826, -0.10428922312602354, 0.903919627898825], "rotation": [[-0.1675902071644307, -0.40841758574088405, 0.8972784395716698], [0.9459826553899932, 0.18960970226598978, 0.2629923506642355], [-0.27754339870348316, 0.8928847834206775, 0.3545792229839885]], "fy": 1109.1141779694685, "fx": 1108.7204460357727}, {"id": 11, "img_name": "r_89.png", "width": 800, "height": 800, "position": [-1.4374261388745972, -2.7455954573986925, 1.7324605939644342], "rotation": [[-0.8674537645262482, -0.17701330726747957, 0.4649626387780732], [0.4847548517687043, -0.09039069569630229, 0.8699668130556703], [-0.11196740639999476, 0.9800488820368947, 0.16421780878543937]], "fy": 1109.1141779694685, "fx": 1108.7204460357727}, {"id": 12, "img_name": "r_96.png", "width": 800, "height": 800, "position": [-1.053011244995947, -2.9909846586762705, 2.509843563337581], "rotation": [[-0.9240915839422247, -0.06522225570891235, 0.37656447236481516], [0.3745090168969671, 0.04176893009921048, 0.9262820049753934], [-0.07614289691112118, 0.9969961954985629, -0.014171993909604086]], "fy": 1109.1141779694685, "fx": 1108.7204460357727}, {"id": 13, "img_name": "r_1.png", "width": 800, "height": 800, "position": [0.803768964187699, -0.253195459513371, -1.701097801709553], "rotation": [[-0.13356197643215684, 0.9898022835910069, -0.04952411381906459], [-0.9479469824072944, -0.11301905291585138, 0.2976965102632349], [0.28906351723529605, 0.08670716853889124, 0.953375135991876]], "fy": 1109.1141779694685, "fx": 1108.7204460357727}, {"id": 14, "img_name": "r_10.png", "width": 800, "height": 800, "position": [-2.859169165493321, -1.5415629081721798, 1.7952292961371976], "rotation": [[-0.5581068539901264, -0.2492634514401107, 0.7914445472080825], [0.800509424238512, 0.08931265159065911, 0.5926279709659098], [-0.21840650456103478, 0.9643085512645883, 0.14969173899524854]], "fy": 1109.1141779694685, "fx": 1108.7204460357727}, {"id": 15, "img_name": "r_11.png", "width": 800, "height": 800, "position": [-3.35508432232863, 1.496789683846662, 0.6604330213635338], "rotation": [[0.23821346828748402, -0.35045415960811627, 0.9057793470486156], [0.9272304124735204, 0.3595448441640371, -0.10474381709314975], [-0.2889603877880716, 0.8648175455253131, 0.41060017929969306]], "fy": 1109.1141779694685, "fx": 1108.7204460357727}, {"id": 16, "img_name": "r_12.png", "width": 800, "height": 800, "position": [0.9743695269417476, -2.9655687415960252, 0.7965824280283368], "rotation": [[-0.988779829705121, 0.1200506682142121, -0.08889479978959534], [-0.1275039580601073, -0.3682228305724225, 0.9209531408949312], [0.07782794515672033, 0.921954328644621, 0.37939824307201087]], "fy": 1109.1141779694685, "fx": 1108.7204460357727}, {"id": 17, "img_name": "r_13.png", "width": 800, "height": 800, "position": [1.564279271753415, -3.153827262289601, 1.8115667304881145], "rotation": [[-0.9643143162796136, 0.14109563883341933, -0.224031069542532], [-0.24082626322463105, -0.11587955394864134, 0.963625777943868], [0.11000277432611508, 0.9831906985314971, 0.1457238482943151]], "fy": 1109.1141779694685, "fx": 1108.7204460357727}, {"id": 18, "img_name": "r_14.png", "width": 800, "height": 800, "position": [4.169345902178016, 0.1599313078348424, 0.14201580037615072], "rotation": [[-0.049333640664180285, 0.5654274897004047, -0.8233212895279196], [-0.9560077023804916, 0.21192270337974325, 0.2028251482962492], [0.2891633878761136, 0.7971075973062358, 0.5300981167941348]], "fy": 1109.1141779694685, "fx": 1108.7204460357727}, {"id": 19, "img_name": "r_15.png", "width": 800, "height": 800, "position": [0.04713602267022985, -0.2644157547404266, -1.6681376709424056], "rotation": [[-0.19027212659628148, -0.9738381463199575, 0.12424082506421517], [0.942641853587886, -0.14587192777543734, 0.3002460933159188], [-0.2742678502940554, 0.1742430643072657, 0.9457359572501681]], "fy": 1109.1141779694685, "fx": 1108.7204460357727}, {"id": 20, "img_name": "r_17.png", "width": 800, "height": 800, "position": [-1.75581432424774, -2.6262077556082812, 2.5830803643354705], "rotation": [[-0.8380931401594368, -0.09062796931846526, 0.5379465211291035], [0.530513730922181, 0.09435285324903737, 0.8424088795749917], [-0.12710259525564938, 0.9914051191420065, -0.03099709693344774]], "fy": 1109.1141779694685, "fx": 1108.7204460357727}, {"id": 21, "img_name": "r_18.png", "width": 800, "height": 800, "position": [4.0378661575330685, -1.454463598213684, 1.5602185652614644], "rotation": [[-0.5200343095794493, 0.31704085312981833, -0.7931263545658677], [-0.8124624555095763, 0.1029269090224644, 0.573856088045105], [0.2635698678672802, 0.9428102401044435, 0.20405826596005897]], "fy": 1109.1141779694685, "fx": 1108.7204460357727}, {"id": 22, "img_name": "r_19.png", "width": 800, "height": 800, "position": [1.4893877241726636, -0.7522483237959302, -1.413317300812109], "rotation": [[-0.4981341497661184, 0.8420092183504886, -0.20708173519068473], [-0.8249244263528991, -0.3866157442421653, 0.4123444641442595], [0.26713678077555353, 0.3762296406676051, 0.8871804764758964]], "fy": 1109.1141779694685, "fx": 1108.7204460357727}, {"id": 23, "img_name": "r_2.png", "width": 800, "height": 800, "position": [-0.903671513429385, 4.743030134427333, 0.7190935614471661], "rotation": [[0.9392936158024063, -0.01358690958118507, 0.34284529922528323], [0.31669274802917546, 0.41884178737111893, -0.8510448052232595], [-0.13203486910119802, 0.9079575722685499, 0.39771829264145037]], "fy": 1109.1141779694685, "fx": 1108.7204460357727}, {"id": 24, "img_name": "r_20.png", "width": 800, "height": 800, "position": [-3.0019108206943756, -0.8967396860381085, 0.9317952338944857], "rotation": [[-0.37483420171325216, -0.42329780854372623, 0.8248140920886762], [0.8918511447178457, 0.07832553982935579, 0.44549595450004714], [-0.2531814702766709, 0.9025985126802051, 0.34815954391058196]], "fy": 1109.1141779694685, "fx": 1108.7204460357727}, {"id": 25, "img_name": "r_21.png", "width": 800, "height": 800, "position": [0.08289951328623454, -2.949975437531317, 0.7843004037674622], "rotation": [[-0.9922088101375954, -0.04557185509935351, 0.11595207246160283], [0.12456674534645427, -0.37925204655154926, 0.9168702258990926], [0.0021915837033714266, 0.9241704881726451, 0.38197395952028723]], "fy": 1109.1141779694685, "fx": 1108.7204460357727}, {"id": 26, "img_name": "r_22.png", "width": 800, "height": 800, "position": [1.0075401353316984, -0.13361481979386408, -1.7203731699404126], "rotation": [[0.11742435101414016, 0.9883931870698066, -0.09638687432891431], [-0.952617584622607, 0.13953136375385483, 0.270278996588302], [0.2805909108590261, 0.06008249564539877, 0.9579451103587943]], "fy": 1109.1141779694685, "fx": 1108.7204460357727}, {"id": 27, "img_name": "r_24.png", "width": 800, "height": 800, "position": [0.9187467412767587, 4.669724002453151, 0.06686089002301712], "rotation": [[0.9951875812622545, 0.06177224682529214, -0.07606489087311441], [-0.0974645793702757, 0.5438797604083712, -0.8334839302507925], [-0.01011602044080817, 0.8368864891610377, 0.5472829893118853]], "fy": 1109.1141779694685, "fx": 1108.7204460357727}, {"id": 28, "img_name": "r_25.png", "width": 800, "height": 800, "position": [-1.0686112055226884, 3.567472375132704, -0.6810724437401455], "rotation": [[0.903208571541722, -0.1980359262682792, 0.38078346629104953], [0.40029135569707325, 0.7087762815214196, -0.5808640230784381], [-0.15485834445634922, 0.6770656944933289, 0.7194448821782697]], "fy": 1109.1141779694685, "fx": 1108.7204460357727}, {"id": 29, "img_name": "r_26.png", "width": 800, "height": 800, "position": [3.2781238752344986, 3.7807581711019407, 0.4020910244226307], "rotation": [[0.7610075334659514, 0.1959502831686754, -0.6184424148893611], [-0.6290093242326312, 0.45620332297216554, -0.6294646917322386], [0.15879170014984198, 0.8680334179254099, 0.47042872077313985]], "fy": 1109.1141779694685, "fx": 1108.7204460357727}, {"id": 30, "img_name": "r_27.png", "width": 800, "height": 800, "position": [-0.8722925147577864, -2.480812948976376, 0.3546835782650329], "rotation": [[-0.8986697080951658, -0.2823716977133625, 0.33564710647139845], [0.4284071835873026, -0.4008384375091226, 0.8098122202498798], [-0.09412778974853248, 0.8715473431464973, 0.4811914253717929]], "fy": 1109.1141779694685, "fx": 1108.7204460357727}, {"id": 31, "img_name": "r_28.png", "width": 800, "height": 800, "position": [-1.838986351633851, 3.9286530695460495, 0.28542694099893245], "rotation": [[0.8179283461821218, -0.13964064794880887, 0.5581162154535703], [0.541211989019953, 0.5158125095200284, -0.664098665834917], [-0.19514815769779953, 0.8452443105180225, 0.4974728656761767]], "fy": 1109.1141779694685, "fx": 1108.7204460357727}, {"id": 32, "img_name": "r_29.png", "width": 800, "height": 800, "position": [-2.805901333494782, -1.0475080514578972, 0.6980192737113908], "rotation": [[-0.412490209162125, -0.47082359846849037, 0.7798570166835506], [0.8768687818525744, 0.02679925422222918, 0.4799822281975803], [-0.24688654632800047, 0.8818202419418106, 0.401796085276995]], "fy": 1109.1141779694685, "fx": 1108.7204460357727}, {"id": 33, "img_name": "r_3.png", "width": 800, "height": 800, "position": [-1.2381623054243718, -2.887399091159867, 2.0186349377148702], "rotation": [[-0.8990983905253854, -0.126364944546101, 0.4191109458657958], [0.42768254848454157, -0.04945695287584818, 0.9025750093670905], [-0.09332589070793215, 0.9907501756760363, 0.09851074825354941]], "fy": 1109.1141779694685, "fx": 1108.7204460357727}, {"id": 34, "img_name": "r_31.png", "width": 800, "height": 800, "position": [3.5236700765395352, 3.3937822795390766, 0.2689346935755979], "rotation": [[0.6935160572591991, 0.2508722991389165, -0.6753506998948098], [-0.6970093948335918, 0.4707732348846998, -0.5408793440591951], [0.18224538907024632, 0.8458342927789989, 0.5013491471237239]], "fy": 1109.1141779694685, "fx": 1108.7204460357727}, {"id": 35, "img_name": "r_32.png", "width": 800, "height": 800, "position": [4.211023992034058, 3.009173805562435, 1.0671496453865785], "rotation": [[0.5296715859322579, 0.15818096837752096, -0.8333227419788543], [-0.8178828516495441, 0.3555788293307325, -0.4523619536492819], [0.22475687316212623, 0.9211636539589125, 0.3177135039488382]], "fy": 1109.1141779694685, "fx": 1108.7204460357727}, {"id": 36, "img_name": "r_33.png", "width": 800, "height": 800, "position": [-1.4993031104812173, -2.210853948095627, 0.4337706753350596], "rotation": [[-0.7877479489877108, -0.38735604082089414, 0.4789660389894212], [0.5976786795561476, -0.292413135488274, 0.7465083751693184], [-0.1491085673919302, 0.8743282311772148, 0.46186229473388335]], "fy": 1109.1141779694685, "fx": 1108.7204460357727}, {"id": 37, "img_name": "r_34.png", "width": 800, "height": 800, "position": [-3.6723188496883075, 0.33849134845650586, 1.9030046486182792], "rotation": [[-0.12085767477953123, -0.1649583564569561, 0.9788677965291863], [0.9520355661646953, 0.259984807781534, 0.16135730686977398], [-0.28110799206773274, 0.9514182257860201, 0.12562506293661652]], "fy": 1109.1141779694685, "fx": 1108.7204460357727}, {"id": 38, "img_name": "r_35.png", "width": 800, "height": 800, "position": [-0.7881880867198156, -1.025952702399297, -1.1201974360333888], "rotation": [[-0.6156189798167364, -0.7216910171050802, 0.31650489335748905], [0.761242463693858, -0.4407553744239884, 0.4756517753416625], [-0.2037723807553568, 0.5337572254744705, 0.8207192218384369]], "fy": 1109.1141779694685, "fx": 1108.7204460357727}, {"id": 39, "img_name": "r_36.png", "width": 800, "height": 800, "position": [0.14252359045223315, -0.47659025477459827, -1.6060129676380486], "rotation": [[-0.7255207701216473, -0.680544897112948, 0.10236334859517845], [0.6668491347957773, -0.6584293324856577, 0.348974276336543], [-0.17009363169799815, 0.3214489961658267, 0.9315249322051279]], "fy": 1109.1141779694685, "fx": 1108.7204460357727}, {"id": 40, "img_name": "r_37.png", "width": 800, "height": 800, "position": [0.024027635281185244, -3.0320309959647136, 1.0185661776312203], "rotation": [[-0.9904807531504665, -0.04707559450217193, 0.12935132794351412], [0.13763630741360955, -0.32483502632357913, 0.9357021174256824], [-0.002030891437233696, 0.9445983771294687, 0.32822215251921044]], "fy": 1109.1141779694685, "fx": 1108.7204460357727}, {"id": 41, "img_name": "r_39.png", "width": 800, "height": 800, "position": [1.8621821799772715, 0.21927122750140168, -1.6310628197087353], "rotation": [[0.25749678226383277, 0.9208614497528387, -0.2927620150956614], [-0.9284357115755394, 0.31974395972235825, 0.189132043007759], [0.26777329328182475, 0.2231098173101464, 0.9372936961405636]], "fy": 1109.1141779694685, "fx": 1108.7204460357727}, {"id": 42, "img_name": "r_4.png", "width": 800, "height": 800, "position": [2.435121863362215, 0.18301511504024137, -1.3962481169019292], "rotation": [[0.14165667451878367, 0.8942460708344624, -0.42456725187113176], [-0.949389919281517, 0.2441893332183184, 0.1975610050314284], [0.2803429466402078, 0.3750940339961684, 0.8835792539040099]], "fy": 1109.1141779694685, "fx": 1108.7204460357727}, {"id": 43, "img_name": "r_40.png", "width": 800, "height": 800, "position": [-2.2277817919160467, 0.3438840948821558, -0.7944868944884116], "rotation": [[0.09881750554466251, -0.7558916670013642, 0.6471961745528387], [0.9516907085559482, 0.26179813332938806, 0.16045726108071584], [-0.2907230569566292, 0.6000745996483654, 0.7452453146519249]], "fy": 1109.1141779694685, "fx": 1108.7204460357727}, {"id": 44, "img_name": "r_41.png", "width": 800, "height": 800, "position": [2.6640263333001992, 1.1993875215583867, -1.3713149960200006], "rotation": [[0.4938653323352634, 0.7268376463309477, -0.47728824560580585], [-0.8374532930771215, 0.5453147779787098, -0.03610782231477408], [0.23402780909897136, 0.4175390146969726, 0.8780046445060622]], "fy": 1109.1141779694685, "fx": 1108.7204460357727}, {"id": 45, "img_name": "r_42.png", "width": 800, "height": 800, "position": [-3.2146740696516276, 0.4355450571156612, 0.4172333429029182], "rotation": [[0.0009121383042908008, -0.4866686900147448, 0.8735861458167969], [0.9577531049084502, 0.2516602321584778, 0.1391981235080553], [-0.28759026068686094, 0.8365528756207065, 0.4663379978607684]], "fy": 1109.1141779694685, "fx": 1108.7204460357727}, {"id": 46, "img_name": "r_43.png", "width": 800, "height": 800, "position": [3.2262985811601377, -1.4423515111741338, 0.03754617729233216], "rotation": [[-0.5242764994762255, 0.5979360193401668, -0.6063057552692291], [-0.8104894887413218, -0.13196216782053202, 0.5706949928849352], [0.2612296704755905, 0.7906064147474018, 0.553805522023276]], "fy": 1109.1141779694685, "fx": 1108.7204460357727}, {"id": 47, "img_name": "r_44.png", "width": 800, "height": 800, "position": [-1.8341060340388102, -2.5737314167105527, 2.642704190488413], "rotation": [[-0.8269635950006102, -0.0857281223393907, 0.5556814749331038], [0.5463735639899284, 0.11071290566631777, 0.8301918941376535], [-0.13269190298059233, 0.9901481412188198, -0.04471596274604431]], "fy": 1109.1141779694685, "fx": 1108.7204460357727}, {"id": 48, "img_name": "r_46.png", "width": 800, "height": 800, "position": [-0.36124285436806003, -3.108150558724953, 1.551554575553978], "rotation": [[-0.9729688465036193, -0.0762215960503931, 0.21799516515039552], [0.2289190087852912, -0.1938276614454126, 0.9539533138866717], [-0.030458351074496112, 0.978070092556834, 0.20603684839292544]], "fy": 1109.1141779694685, "fx": 1108.7204460357727}, {"id": 49, "img_name": "r_47.png", "width": 800, "height": 800, "position": [0.33215990336178625, 2.1534772078480944, -1.7490623150047724], "rotation": [[0.9980083250213463, -0.0228048799162912, 0.05881598966344496], [0.03713022674547951, 0.9661103721792799, -0.2554448962681438], [-0.050997347479218996, 0.2571199840922853, 0.9650329446865877]], "fy": 1109.1141779694685, "fx": 1108.7204460357727}, {"id": 50, "img_name": "r_48.png", "width": 800, "height": 800, "position": [-0.9605793869905564, -0.1933783571497386, -1.4250744199679477], "rotation": [[-0.052184490184687155, -0.9330384330645101, 0.35597199525902007], [0.9572549047916326, 0.05481416813693318, 0.2840043207837137], [-0.28449925524775416, 0.3555765591205072, 0.8902951669909781]], "fy": 1109.1141779694685, "fx": 1108.7204460357727}, {"id": 51, "img_name": "r_49.png", "width": 800, "height": 800, "position": [0.14192356173551246, -2.8120120363253087, 0.4650645319298006], "rotation": [[-0.9937434262085935, -0.044870236211788886, 0.10227739129203439], [0.11149102358740891, -0.4527709077048416, 0.8846288808283196], [0.0066147204504405106, 0.8904971460024069, 0.4549407416740452]], "fy": 1109.1141779694685, "fx": 1108.7204460357727}, {"id": 52, "img_name": "r_5.png", "width": 800, "height": 800, "position": [3.8536247873943927, -1.0568832774465926, 0.49168448452630187], "rotation": [[-0.39646858829441706, 0.5275797268037394, -0.75131370968559], [-0.8752242357076115, 0.02982164087877372, 0.48279727315440024], [0.2771194611099317, 0.8489819206561402, 0.44992721930680313]], "fy": 1109.1141779694685, "fx": 1108.7204460357727}, {"id": 53, "img_name": "r_50.png", "width": 800, "height": 800, "position": [4.184354378037613, -1.4019540656595835, 2.344350008458711], "rotation": [[-0.53732304377411, 0.16614597922280083, -0.8268491157505237], [-0.801836111936957, 0.20325988277084306, 0.5619112649251724], [0.26142455168394224, 0.9649253513324646, 0.024005627106370817]], "fy": 1109.1141779694685, "fx": 1108.7204460357727}, {"id": 54, "img_name": "r_51.png", "width": 800, "height": 800, "position": [-1.45402382518925, -2.62517251171096, 1.2937623875035065], "rotation": [[-0.8507624385746909, -0.23736348597080706, 0.46889428300868846], [0.5114660944173128, -0.16878021119462353, 0.8425649378953523], [-0.12085407470145931, 0.9566461288464427, 0.2649952391858564]], "fy": 1109.1141779694685, "fx": 1108.7204460357727}, {"id": 55, "img_name": "r_53.png", "width": 800, "height": 800, "position": [-1.6163632234638268, -0.35120467621425105, -1.034576694807263], "rotation": [[-0.1580571549599408, -0.8475051874086373, 0.5067078971966191], [0.9472261934168926, 0.014801315322194352, 0.3202240771236235], [-0.2788915098580677, 0.5305806992156643, 0.8004396587806629]], "fy": 1109.1141779694685, "fx": 1108.7204460357727}, {"id": 56, "img_name": "r_54.png", "width": 800, "height": 800, "position": [-0.09853952785566052, -1.5224386168067359, -0.9995800196100787], "rotation": [[-0.9397029481440363, -0.3034063936199739, 0.15780662077342333], [0.33615646275458166, -0.7345790885936431, 0.5894000298178305], [-0.06290629378474905, 0.6069086610944461, 0.7922781552528211]], "fy": 1109.1141779694685, "fx": 1108.7204460357727}, {"id": 57, "img_name": "r_55.png", "width": 800, "height": 800, "position": [-0.6344147840794927, 3.3924987530833124, -0.9995488650882571], "rotation": [[0.9442573388560827, -0.17145922435656935, 0.28103347202686185], [0.3033984266572063, 0.7845763417827504, -0.5407303936498565], [-0.1277789995201134, 0.5958537557973772, 0.7928624275268683]], "fy": 1109.1141779694685, "fx": 1108.7204460357727}, {"id": 58, "img_name": "r_56.png", "width": 800, "height": 800, "position": [1.6779067852957783, 4.605916875634499, 0.19826412841080557], "rotation": [[0.9625637499386729, 0.1036883515942569, -0.25043912044180733], [-0.2677177435154446, 0.5082280698266446, -0.818554481294484], [0.04240562593570529, 0.8549578672565972, 0.5169611282340791]], "fy": 1109.1141779694685, "fx": 1108.7204460357727}, {"id": 59, "img_name": "r_57.png", "width": 800, "height": 800, "position": [0.4479756060328058, -0.301323616788307, -1.6889158462112839], "rotation": [[-0.9594399419383871, 0.2800670253259526, 0.032209612514525275], [-0.25696018884867916, -0.91578634450778, 0.3087180470266158], [0.11595886839787103, 0.2879198370000735, 0.9506080729205577]], "fy": 1109.1141779694685, "fx": 1108.7204460357727}, {"id": 60, "img_name": "r_58.png", "width": 800, "height": 800, "position": [0.36324165737233954, 1.1537572169850967, -1.8963910051127235], "rotation": [[0.9980435882342468, -0.03521723444901396, 0.05165987206984155], [0.03657718413208172, 0.9990023661377694, -0.025619954178453114], [-0.05070607049927059, 0.02745940365159871, 0.9983360534237063]], "fy": 1109.1141779694685, "fx": 1108.7204460357727}, {"id": 61, "img_name": "r_59.png", "width": 800, "height": 800, "position": [-3.239941755504056, 2.54558215705482, 1.0322871118007093], "rotation": [[0.4379874665165601, -0.1834135641473579, 0.8800718400569171], [0.8557839965268917, 0.3848812849156872, -0.3456879341401871], [-0.2753193245358305, 0.9045583789940883, 0.3255355718331277]], "fy": 1109.1141779694685, "fx": 1108.7204460357727}, {"id": 62, "img_name": "r_60.png", "width": 800, "height": 800, "position": [-0.5342351895280657, -3.1588426029419945, 2.200374208240555], "rotation": [[-0.9647875890154542, -0.05351446632551403, 0.25752885270517023], [0.25994881317256996, -0.04456175980396733, 0.964593626400955], [-0.040143774261000215, 0.9975722788134544, 0.05690365481243698]], "fy": 1109.1141779694685, "fx": 1108.7204460357727}, {"id": 63, "img_name": "r_61.png", "width": 800, "height": 800, "position": [2.5484901835717735, 1.0028061701686082, -1.4352580439439586], "rotation": [[0.45505572625563057, 0.7679922218465294, -0.4506797457010817], [-0.8579509932573307, 0.5136523324783498, 0.009020782023211564], [0.23842059300890966, 0.3825561769502381, 0.8926401247459685]], "fy": 1109.1141779694685, "fx": 1108.7204460357727}, {"id": 64, "img_name": "r_62.png", "width": 800, "height": 800, "position": [2.524966157551876, 3.1122575276497235, -0.8488949164473454], "rotation": [[0.8209486968201997, 0.35717227591011186, -0.44550106903396625], [-0.5550953529674153, 0.6820865974990441, -0.47605359217860954], [0.1338371633859466, 0.6381111492783746, 0.7582227739018627]], "fy": 1109.1141779694685, "fx": 1108.7204460357727}, {"id": 65, "img_name": "r_63.png", "width": 800, "height": 800, "position": [1.2052193739890786, 2.6754923695896746, -1.5352681968588862], "rotation": [[0.9638134523830328, 0.22557786096933066, -0.14205019410757774], [-0.2633233919433453, 0.8886296161872793, -0.3754972656229337], [0.04152613949009137, 0.39931445487904643, 0.9158731057650396]], "fy": 1109.1141779694685, "fx": 1108.7204460357727}, {"id": 66, "img_name": "r_64.png", "width": 800, "height": 800, "position": [0.45517887831317533, -0.21508024792031505, -1.7152410224871906], "rotation": [[-0.22939676882962207, 0.972852699413364, 0.030573643791015535], [-0.9297058635285634, -0.22830531944863175, 0.28900465122912256], [0.28813908060368615, 0.037872237266751735, 0.9568393615823262]], "fy": 1109.1141779694685, "fx": 1108.7204460357727}, {"id": 67, "img_name": "r_65.png", "width": 800, "height": 800, "position": [0.48393644483370957, 0.5628747570525454, -1.872836755821253], "rotation": [[0.9960046841085014, 0.08603009301468219, 0.023947699885571137], [-0.08816096926224919, 0.9899868983900051, 0.1102432969158616], [-0.014223668045374447, -0.11191409255327588, 0.9936160843883878]], "fy": 1109.1141779694685, "fx": 1108.7204460357727}, {"id": 68, "img_name": "r_66.png", "width": 800, "height": 800, "position": [3.9405864249382967, 0.8659330148545744, -0.3165821673353314], "rotation": [[0.17853556957724995, 0.6114001817209661, -0.7709181981165685], [-0.9442073470738926, 0.3268460648017128, 0.0405479426767425], [0.27676259885939936, 0.7206673766136528, 0.6356421919267056]], "fy": 1109.1141779694685, "fx": 1108.7204460357727}, {"id": 69, "img_name": "r_68.png", "width": 800, "height": 800, "position": [-1.7461566533472712, -1.3436290421464456, -0.33926739438624], "rotation": [[-0.5580741264271032, -0.6328180938430188, 0.536744380052101], [0.8006561588662505, -0.24075820884077132, 0.5486211809120435], [-0.21795179439997134, 0.7359189799024564, 0.6410306313563813]], "fy": 1109.1141779694685, "fx": 1108.7204460357727}, {"id": 70, "img_name": "r_69.png", "width": 800, "height": 800, "position": [-2.2462505737887364, -2.1008250298132585, 1.4194660507051724], "rotation": [[-0.7003781866968622, -0.2929973550150812, 0.650863231065775], [0.6906616928029661, -0.048033993185550516, 0.7215810152666096], [-0.1801577688964746, 0.9549059039784058, 0.23600401024861345]], "fy": 1109.1141779694685, "fx": 1108.7204460357727}, {"id": 71, "img_name": "r_7.png", "width": 800, "height": 800, "position": [-1.878648059492962, -1.9495165521563085, 0.4559818978665553], "rotation": [[-0.6957633491944587, -0.4419886251613408, 0.5661796686085588], [0.6949350418175823, -0.21493473071618868, 0.6861984765255273], [-0.1816002466179629, 0.8708898419202896, 0.45669709181069656]], "fy": 1109.1141779694685, "fx": 1108.7204460357727}, {"id": 72, "img_name": "r_70.png", "width": 800, "height": 800, "position": [4.599027254117401, -0.5962639518334606, 2.0697631355311037], "rotation": [[-0.33972990785516805, 0.18454466518734963, -0.92224012939126], [-0.8971504743883559, 0.23075233895345235, 0.37666216211913117], [0.28232005953078587, 0.9553515712126086, 0.08717086306865025]], "fy": 1109.1141779694685, "fx": 1108.7204460357727}, {"id": 73, "img_name": "r_71.png", "width": 800, "height": 800, "position": [-1.1863978580064904, -1.2372178369558824, -0.8035812291475368], "rotation": [[-0.6085795555710948, -0.6805961625387275, 0.40794581512554695], [0.766490791132702, -0.3712523812885845, 0.5240835205349621], [-0.20523837762380961, 0.6316332265841574, 0.7476073002755077]], "fy": 1109.1141779694685, "fx": 1108.7204460357727}, {"id": 74, "img_name": "r_72.png", "width": 800, "height": 800, "position": [-1.4866516145613977, 4.344206447143355, 0.5260426989437322], "rotation": [[0.8760930079481236, -0.06959921268604495, 0.4770922248558365], [0.4508974676319987, 0.4686930993193221, -0.7596171748542148], [-0.1707410762161819, 0.8806149716214975, 0.442000855936512]], "fy": 1109.1141779694685, "fx": 1108.7204460357727}, {"id": 75, "img_name": "r_73.png", "width": 800, "height": 800, "position": [-1.0377368903260211, -2.7531510063171654, 1.0590483493229188], "rotation": [[-0.9028212687303868, -0.2139779966693068, 0.3729975518276822], [0.42007087624240147, -0.2533883399101621, 0.8713981914891225], [-0.09194680886792833, 0.9434022292420992, 0.31865030707664876]], "fy": 1109.1141779694685, "fx": 1108.7204460357727}, {"id": 76, "img_name": "r_75.png", "width": 800, "height": 800, "position": [1.859334196149891, -0.0760403598959529, -1.5632480109050073], "rotation": [[0.052998733915464835, 0.9549612023739156, -0.2919593056642026], [-0.9574280644878164, 0.1316748154426123, 0.2568915029915699], [0.28376510626655893, 0.26591510851909017, 0.9212852541568267]], "fy": 1109.1141779694685, "fx": 1108.7204460357727}, {"id": 77, "img_name": "r_76.png", "width": 800, "height": 800, "position": [4.407205691128706, -0.2817704884606372, 0.8420118016404017], "rotation": [[-0.20299237564517117, 0.43335954595809645, -0.8780624119941146], [-0.9356900842689099, 0.17843188539764118, 0.3043782654433188], [0.28857955858093987, 0.883380759469231, 0.3692699177685536]], "fy": 1109.1141779694685, "fx": 1108.7204460357727}, {"id": 78, "img_name": "r_77.png", "width": 800, "height": 800, "position": [0.6717547600333049, 3.1331837136173695, -1.3639063850348918], "rotation": [[0.9970931357154672, 0.07370472821649549, -0.019310405164819466], [-0.07389514563828313, 0.8736920636797517, -0.4808343636993032], [-0.01856841835466544, 0.48086358866267825, 0.8765987810499493]], "fy": 1109.1141779694685, "fx": 1108.7204460357727}, {"id": 79, "img_name": "r_78.png", "width": 800, "height": 800, "position": [1.5088200621070427, 1.0227936601174978, -1.8039011331105501], "rotation": [[0.7455384909346311, 0.6319632974732589, -0.21164770062922592], [-0.6458636023459529, 0.7634396337837757, 0.004486951393009516], [0.16441583165748289, 0.13335035138618836, 0.9773357243473494]], "fy": 1109.1141779694685, "fx": 1108.7204460357727}, {"id": 80, "img_name": "r_79.png", "width": 800, "height": 800, "position": [0.25294002265603993, -1.5109072531308885, -1.0622243824587336], "rotation": [[-0.9915247074766799, -0.10465753845944127, 0.07697762081861319], [0.12991816219204477, -0.7994661390508151, 0.5864939587445241], [0.00015998726563935198, 0.5915240419076748, 0.8062873447160648]], "fy": 1109.1141779694685, "fx": 1108.7204460357727}, {"id": 81, "img_name": "r_8.png", "width": 800, "height": 800, "position": [2.2070345173327417, 3.926251545903973, -0.3758394408030954], "rotation": [[0.9034748815768108, 0.21234189182328952, -0.37234937805329266], [-0.41905351728092866, 0.6202550329335573, -0.6630820792142361], [0.09015147261276348, 0.755112319524386, 0.6493674590617026]], "fy": 1109.1141779694685, "fx": 1108.7204460357727}, {"id": 82, "img_name": "r_80.png", "width": 800, "height": 800, "position": [4.316603318723889, -0.24744230223776248, 0.6199623555582446], "rotation": [[-0.1834181598539512, 0.4807039717334757, -0.8574855510126409], [-0.9396575425448871, 0.17052327888011584, 0.2965898078128744], [0.2887931463423153, 0.8601427224127608, 0.42042004674619177]], "fy": 1109.1141779694685, "fx": 1108.7204460357727}, {"id": 83, "img_name": "r_82.png", "width": 800, "height": 800, "position": [1.5704586144133554, 1.9704807134065028, -1.686305940557516], "rotation": [[0.8799090099378813, 0.4179955666478572, -0.22591998692650908], [-0.4633718848457819, 0.8600816125958769, -0.21341536029288727], [0.1051029522164093, 0.2924710685473216, 0.9504809537798131]], "fy": 1109.1141779694685, "fx": 1108.7204460357727}, {"id": 84, "img_name": "r_83.png", "width": 800, "height": 800, "position": [2.3033127693216913, -1.0132019996445945, -0.9846340470237609], "rotation": [[-0.4681287191350703, 0.7909619680118719, -0.3939983089808182], [-0.8413956495506824, -0.26273651164884076, 0.4722529897880829], [0.27001641290511014, 0.5525836503239888, 0.7885064655134241]], "fy": 1109.1141779694685, "fx": 1108.7204460357727}, {"id": 85, "img_name": "r_84.png", "width": 800, "height": 800, "position": [-1.5454419187149402, -1.5530076996424824, -0.31268308387044036], "rotation": [[-0.644951610805578, -0.5859511266523121, 0.49061053483815165], [0.738679587077252, -0.31338320050267054, 0.5967775442139928], [-0.1959333747850821, 0.7472966257234068, 0.6349471362465847]], "fy": 1109.1141779694685, "fx": 1108.7204460357727}, {"id": 86, "img_name": "r_85.png", "width": 800, "height": 800, "position": [2.9150388137648786, 2.0286069725912577, -1.0882082133490463], "rotation": [[0.6263079256481681, 0.5666688695198088, -0.5353734907402782], [-0.752930955996055, 0.6177106463649835, -0.22699897107744965], [0.20207265468923666, 0.5452705288978088, 0.8135396072363954]], "fy": 1109.1141779694685, "fx": 1108.7204460357727}, {"id": 87, "img_name": "r_86.png", "width": 800, "height": 800, "position": [-2.4528209372234895, -1.8010863986371233, 1.1436681518912544], "rotation": [[-0.6206940608942247, -0.35813525745813335, 0.6974797632448073], [0.757358282495618, -0.04371389300160254, 0.6515347477256541], [-0.20284800887838048, 0.9326458239460682, 0.2983696572542785]], "fy": 1109.1141779694685, "fx": 1108.7204460357727}, {"id": 88, "img_name": "r_87.png", "width": 800, "height": 800, "position": [-2.101311211055653, -1.9219703512654207, 0.7090732274215039], "rotation": [[-0.6690178121809636, -0.4147333147863417, 0.6167750356417886], [0.718658766208693, -0.14928432663110305, 0.6791492969691547], [-0.1895909932881719, 0.8976137629451941, 0.397925605905643]], "fy": 1109.1141779694685, "fx": 1108.7204460357727}, {"id": 89, "img_name": "r_88.png", "width": 800, "height": 800, "position": [2.228797207423021, -2.2099461322538496, 0.07680289778188705], "rotation": [[-0.8109549435553423, 0.4469865110005403, -0.377564747436403], [-0.5515956249342796, -0.36878238934724766, 0.7481589509326854], [0.19517772945833867, 0.8149862626393762, 0.5456217056098382]], "fy": 1109.1141779694685, "fx": 1108.7204460357727}, {"id": 90, "img_name": "r_9.png", "width": 800, "height": 800, "position": [-3.4488660568158114, 0.11632935110483494, 1.1095354313770025], "rotation": [[-0.12469217407858045, -0.3523791628669158, 0.9275132275610782], [0.9515268777641757, 0.22242474713170748, 0.21242371043684205], [-0.28115558435840515, 0.9090413397863748, 0.30756361934317933]], "fy": 1109.1141779694685, "fx": 1108.7204460357727}, {"id": 91, "img_name": "r_90.png", "width": 800, "height": 800, "position": [-1.0987694466426017, -2.965623293825679, 2.670879085476766], "rotation": [[-0.9204931038556731, -0.05332094890061416, 0.38710376149359066], [0.38264885579668817, 0.07778236375397621, 0.9206137936433114], [-0.07919784663508245, 0.9955434597731944, -0.05119492935031474]], "fy": 1109.1141779694685, "fx": 1108.7204460357727}, {"id": 92, "img_name": "r_91.png", "width": 800, "height": 800, "position": [0.999600724718727, -3.281958475467273, 2.126643178275968], "rotation": [[-0.9925923417099598, 0.07642718364487276, -0.0944421980835373], [-0.09957935477647757, -0.06645169858453148, 0.9928082009419193], [0.06960169021681598, 0.9948583101906237, 0.0735700167433649]], "fy": 1109.1141779694685, "fx": 1108.7204460357727}, {"id": 93, "img_name": "r_92.png", "width": 800, "height": 800, "position": [1.1001807568803645, 4.7254236065712405, 0.18728528039737724], "rotation": [[0.9905976251975935, 0.06966584818576699, -0.1177413034981583], [-0.1367974405902485, 0.5149352538767183, -0.8462435492001562], [0.0016748733818371666, 0.8543935591467653, 0.5196237493491588]], "fy": 1109.1141779694685, "fx": 1108.7204460357727}, {"id": 94, "img_name": "r_93.png", "width": 800, "height": 800, "position": [-2.273630028715419, 2.5434706918584498, -0.4643066307545972], "rotation": [[0.63436852684283, -0.4063266964157675, 0.6576284573610744], [0.7332257780897569, 0.5857391038569317, -0.34538335304057327], [-0.2448602264475153, 0.7012904662069259, 0.6695036605660526]], "fy": 1109.1141779694685, "fx": 1108.7204460357727}, {"id": 95, "img_name": "r_94.png", "width": 800, "height": 800, "position": [1.1546309872013198, -0.05598902213414544, -1.7248444461682921], "rotation": [[0.19269364408390968, 0.9725884448754057, -0.13015712206599978], [-0.9421789074359724, 0.2204455060058967, 0.2523939089292], [0.2741679520155859, 0.07399659300700419, 0.9588307662517589]], "fy": 1109.1141779694685, "fx": 1108.7204460357727}, {"id": 96, "img_name": "r_95.png", "width": 800, "height": 800, "position": [-1.6078766637781763, 4.1970056862741165, 0.41816314839791296], "rotation": [[0.8578691046292769, -0.0948340023672869, 0.5050416926527591], [0.48163847908570295, 0.4909791710894852, -0.7259227431485343], [-0.17912279248206664, 0.8659942064190057, 0.46687156655995127]], "fy": 1109.1141779694685, "fx": 1108.7204460357727}, {"id": 97, "img_name": "r_97.png", "width": 800, "height": 800, "position": [0.5359855914371879, -0.6690587484098769, -1.5538397887151048], "rotation": [[-0.9736113836524893, 0.22789541084328185, 0.012023116852868224], [-0.20494985829019471, -0.8963269977170734, 0.3931837595200585], [0.10038141864466277, 0.38034404804080985, 0.919381300609717]], "fy": 1109.1141779694685, "fx": 1108.7204460357727}, {"id": 98, "img_name": "r_98.png", "width": 800, "height": 800, "position": [-2.3064102505255604, 3.8589651441133785, 0.8364778861200198], "rotation": [[0.7406131748954877, -0.09152718949794132, 0.6656687605362247], [0.6343501426068977, 0.4219133884171229, -0.6477568905453577], [-0.22156719465172275, 0.9020043604423372, 0.37053489983694604]], "fy": 1109.1141779694685, "fx": 1108.7204460357727}, {"id": 99, "img_name": "r_99.png", "width": 800, "height": 800, "position": [3.330161124098942, 1.0006863195486124, -0.927301020865968], "rotation": [[0.30917720086357114, 0.7119134901927203, -0.6305463035715825], [-0.9140784535220221, 0.40542517021606367, 0.009540029458236187], [0.262431018122773, 0.5734192304386864, 0.7760930014438667]], "fy": 1109.1141779694685, "fx": 1108.7204460357727}]